{
 "cells": [
  {
   "cell_type": "markdown",
   "metadata": {},
   "source": [
    "This Notebook file is used to calculate the transformation parameters for a Lidar. "
   ]
  },
  {
   "cell_type": "markdown",
   "metadata": {},
   "source": [
    "Every LIDAR is fixed to one of the rigid robot links. The readings the lidars give can be mapped to real world coordinates with the formula\n",
    "\\begin{equation}\n",
    "p_{base} = T^{base}_{joint}(q) \\cdot T^{joint}_{lidar} \\cdot p_{lidar}\n",
    "\\end{equation}\n",
    "\n",
    "TODO: More explanation and derivation of the formula\n",
    "\n",
    "\\begin{equation}\n",
    "p_{base} = T^{base}_{joint}(q) \\cdot T^{joint}_{lidar} \\cdot p_{lidar}\n",
    "\\end{equation}"
   ]
  },
  {
   "cell_type": "code",
   "execution_count": 197,
   "metadata": {},
   "outputs": [
    {
     "name": "stdout",
     "output_type": "stream",
     "text": [
      "The autoreload extension is already loaded. To reload it, use:\n",
      "  %reload_ext autoreload\n"
     ]
    }
   ],
   "source": [
    "import numpy as np\n",
    "import pandas as pd\n",
    "import matplotlib.pyplot as plt\n",
    "import math\n",
    "from utils import *\n",
    "%load_ext autoreload\n",
    "%autoreload 2"
   ]
  },
  {
   "cell_type": "code",
   "execution_count": 198,
   "metadata": {},
   "outputs": [],
   "source": [
    "msmts = pd.DataFrame(pd.read_pickle('/home/dlrc1/measurements/20180919T1532290000_ALL.pkl'))\n",
    "msmts['lidar3'] = msmts['lidar_data'].apply(lambda x: x[3])"
   ]
  },
  {
   "cell_type": "code",
   "execution_count": 199,
   "metadata": {},
   "outputs": [
    {
     "name": "stdout",
     "output_type": "stream",
     "text": [
      "71.62911611785096\n",
      "72.0\n",
      "[-0.06284837  0.3468821  -0.06420437 -2.24170899 -0.01354111  1.52779067\n",
      "  0.02296058]\n"
     ]
    }
   ],
   "source": [
    "# get median / avg\n",
    "print(msmts['lidar3'].mean())\n",
    "print(msmts['lidar3'].median())\n",
    "print(msmts['state_j_pos'][0])"
   ]
  },
  {
   "cell_type": "markdown",
   "metadata": {},
   "source": [
    "Now we need to calculate the known values for every time step, which are:<br>\n",
    "The sensor readings $ s_i $ <br>\n",
    "The inverted rotation from the joint transformation $R^{base}_{joint}(q)^{-1}=R^{joint}_{base}(q)=R_i^T = R_i^{-1}$<br>\n",
    "The translation vector of the transformation matrices $P^{base}_{joint}(q) = P_i$\n"
   ]
  },
  {
   "cell_type": "code",
   "execution_count": 200,
   "metadata": {},
   "outputs": [
    {
     "name": "stdout",
     "output_type": "stream",
     "text": [
      "predicted coordinates [ 0.30738123 -0.04540963  0.13628907  1.        ]\n",
      "10\n",
      "lidar3 0.073\n",
      "coord_EE [ 0.30738123 -0.04540963  0.13628907  1.        ]\n",
      "Tjoint [[-0.84715271  0.11143598  0.51953278  0.45341877]\n",
      " [ 0.07973599  0.99335045 -0.0830485  -0.0564713 ]\n",
      " [-0.52533271 -0.0289293  -0.85040498  0.31900107]\n",
      " [ 0.          0.          0.          1.        ]]\n",
      "\n",
      "predicted coordinates [ 0.30738231 -0.04540984  0.13629035  1.        ]\n",
      "12\n",
      "lidar3 0.073\n",
      "coord_EE [ 0.30738231 -0.04540984  0.13629035  1.        ]\n",
      "Tjoint [[-0.84715019  0.11143715  0.51953664  0.45341886]\n",
      " [ 0.07973673  0.99335033 -0.08304928 -0.05647158]\n",
      " [-0.52533667 -0.02892906 -0.85040255  0.31900314]\n",
      " [ 0.          0.          0.          1.        ]]\n",
      "\n",
      "predicted coordinates [ 0.30738131 -0.04540989  0.13628974  1.        ]\n",
      "14\n",
      "lidar3 0.071\n",
      "coord_EE [ 0.30738131 -0.04540989  0.13628974  1.        ]\n",
      "Tjoint [[-0.84715172  0.11143718  0.51953414  0.45341849]\n",
      " [ 0.07973685  0.99335031 -0.0830493  -0.05647168]\n",
      " [-0.52533418 -0.02892934 -0.85040408  0.31900203]\n",
      " [ 0.          0.          0.          1.        ]]\n",
      "\n",
      "predicted coordinates [ 0.30738253 -0.04541034  0.13628977  1.        ]\n",
      "16\n",
      "lidar3 0.072\n",
      "coord_EE [ 0.30738253 -0.04541034  0.13628977  1.        ]\n",
      "Tjoint [[-0.8471507   0.11143772  0.51953569  0.4534195 ]\n",
      " [ 0.07973677  0.99335023 -0.08305035 -0.05647204]\n",
      " [-0.52533584 -0.02893006 -0.85040303  0.31900223]\n",
      " [ 0.          0.          0.          1.        ]]\n",
      "\n",
      "predicted coordinates [ 0.30738303 -0.04541006  0.13629044  1.        ]\n",
      "18\n",
      "lidar3 0.068\n",
      "coord_EE [ 0.30738303 -0.04541006  0.13629044  1.        ]\n",
      "Tjoint [[-0.84714936  0.11143819  0.51953776  0.45341916]\n",
      " [ 0.07973753  0.99335021 -0.08304988 -0.05647192]\n",
      " [-0.52533787 -0.02892899 -0.85040181  0.31900356]\n",
      " [ 0.          0.          0.          1.        ]]\n",
      "\n",
      "predicted coordinates [ 0.30738167 -0.04541094  0.13628975  1.        ]\n",
      "20\n",
      "lidar3 0.065\n",
      "coord_EE [ 0.30738167 -0.04541094  0.13628975  1.        ]\n",
      "Tjoint [[-0.8471511   0.11144044  0.51953445  0.4534189 ]\n",
      " [ 0.07973928  0.99334993 -0.08305153 -0.05647311]\n",
      " [-0.52533481 -0.02892989 -0.85040367  0.31900198]\n",
      " [ 0.          0.          0.          1.        ]]\n",
      "\n",
      "predicted coordinates [ 0.30738085 -0.04540946  0.13628893  1.        ]\n",
      "22\n",
      "lidar3 0.07\n",
      "coord_EE [ 0.30738085 -0.04540946  0.13628893  1.        ]\n",
      "Tjoint [[-0.84715315  0.11143629  0.519532    0.45341857]\n",
      " [ 0.07973635  0.99335042 -0.08304855 -0.0564712 ]\n",
      " [-0.52533195 -0.02892925 -0.85040546  0.31900079]\n",
      " [ 0.          0.          0.          1.        ]]\n",
      "\n",
      "predicted coordinates [ 0.30738178 -0.04540947  0.13628985  1.        ]\n",
      "24\n",
      "lidar3 0.074\n",
      "coord_EE [ 0.30738178 -0.04540947  0.13628985  1.        ]\n",
      "Tjoint [[-0.84715138  0.11143597  0.51953496  0.4534189 ]\n",
      " [ 0.07973578  0.99335045 -0.08304869 -0.05647107]\n",
      " [-0.52533489 -0.02892929 -0.85040364  0.31900219]\n",
      " [ 0.          0.          0.          1.        ]]\n",
      "\n",
      "predicted coordinates [ 0.30738262 -0.04541079  0.13628986  1.        ]\n",
      "26\n",
      "lidar3 0.071\n",
      "coord_EE [ 0.30738262 -0.04541079  0.13628986  1.        ]\n",
      "Tjoint [[-0.84715029  0.11143948  0.51953596  0.45341936]\n",
      " [ 0.07973832  0.99335004 -0.08305119 -0.05647275]\n",
      " [-0.52533625 -0.02892992 -0.85040278  0.31900249]\n",
      " [ 0.          0.          0.          1.        ]]\n",
      "\n",
      "predicted coordinates [ 0.30738174 -0.04541003  0.13629021  1.        ]\n",
      "28\n",
      "lidar3 0.072\n",
      "coord_EE [ 0.30738174 -0.04541003  0.13629021  1.        ]\n",
      "Tjoint [[-0.84715067  0.11143853  0.51953556  0.45341859]\n",
      " [ 0.07973807  0.99335017 -0.08304981 -0.05647205]\n",
      " [-0.52533569 -0.02892894 -0.85040316  0.31900274]\n",
      " [ 0.          0.          0.          1.        ]]\n",
      "\n",
      "predicted coordinates [ 0.30738171 -0.04540983  0.13629007  1.        ]\n",
      "30\n",
      "lidar3 0.074\n",
      "coord_EE [ 0.30738171 -0.04540983  0.13629007  1.        ]\n",
      "Tjoint [[-0.84715108  0.11143683  0.51953525  0.45341878]\n",
      " [ 0.07973642  0.99335035 -0.08304928 -0.05647154]\n",
      " [-0.52533527 -0.02892941 -0.8504034   0.31900244]\n",
      " [ 0.          0.          0.          1.        ]]\n",
      "\n",
      "predicted coordinates [ 0.30738296 -0.04540813  0.13628985  1.        ]\n",
      "32\n",
      "lidar3 0.069\n",
      "coord_EE [ 0.30738296 -0.04540813  0.13628985  1.        ]\n",
      "Tjoint [[-0.84715087  0.11143155  0.51953672  0.45341967]\n",
      " [ 0.07973229  0.99335097 -0.08304583 -0.05646917]\n",
      " [-0.52533623 -0.0289285  -0.85040284  0.31900255]\n",
      " [ 0.          0.          0.          1.        ]]\n",
      "\n",
      "predicted coordinates [ 0.30738148 -0.04541016  0.13628898  1.        ]\n",
      "34\n",
      "lidar3 0.064\n",
      "coord_EE [ 0.30738148 -0.04541016  0.13628898  1.        ]\n",
      "Tjoint [[-0.84715226  0.11143858  0.51953295  0.45341878]\n",
      " [ 0.07973848  0.99335018 -0.08304939 -0.05647229]\n",
      " [-0.52533305 -0.02892871 -0.85040479  0.31900115]\n",
      " [ 0.          0.          0.          1.        ]]\n",
      "\n",
      "predicted coordinates [ 0.30738161 -0.04541068  0.13628994  1.        ]\n",
      "36\n",
      "lidar3 0.074\n",
      "coord_EE [ 0.30738161 -0.04541068  0.13628994  1.        ]\n",
      "Tjoint [[-0.84715097  0.11143962  0.51953484  0.45341856]\n",
      " [ 0.0797388   0.99335004 -0.08305072 -0.05647278]\n",
      " [-0.52533509 -0.02892941 -0.85040351  0.31900239]\n",
      " [ 0.          0.          0.          1.        ]]\n",
      "\n",
      "predicted coordinates [ 0.30738106 -0.04541018  0.13628948  1.        ]\n",
      "38\n",
      "lidar3 0.074\n",
      "coord_EE [ 0.30738106 -0.04541018  0.13628948  1.        ]\n",
      "Tjoint [[-0.84715209  0.11143867  0.51953322  0.45341854]\n",
      " [ 0.07973816  0.99335015 -0.08305007 -0.05647221]\n",
      " [-0.52533339 -0.02892942 -0.85040456  0.31900151]\n",
      " [ 0.          0.          0.          1.        ]]\n",
      "\n",
      "predicted coordinates [ 0.3073818  -0.04541054  0.13628947  1.        ]\n",
      "40\n",
      "lidar3 0.073\n",
      "coord_EE [ 0.3073818  -0.04541054  0.13628947  1.        ]\n",
      "Tjoint [[-0.84715147  0.1114386   0.51953424  0.45341884]\n",
      " [ 0.0797379   0.99335015 -0.08305029 -0.05647247]\n",
      " [-0.52533443 -0.02892961 -0.85040392  0.31900186]\n",
      " [ 0.          0.          0.          1.        ]]\n",
      "\n",
      "predicted coordinates [ 0.30738343 -0.04541035  0.13629068  1.        ]\n",
      "42\n",
      "lidar3 0.069\n",
      "coord_EE [ 0.30738343 -0.04541035  0.13629068  1.        ]\n",
      "Tjoint [[-0.84714888  0.11143764  0.51953868  0.45341962]\n",
      " [ 0.07973667  0.99335026 -0.08305016 -0.05647202]\n",
      " [-0.52533879 -0.02892957 -0.85040122  0.31900376]\n",
      " [ 0.          0.          0.          1.        ]]\n",
      "\n",
      "predicted coordinates [ 0.30738237 -0.04541038  0.13629005  1.        ]\n",
      "44\n",
      "lidar3 0.072\n",
      "coord_EE [ 0.30738237 -0.04541038  0.13629005  1.        ]\n",
      "Tjoint [[-0.84715035  0.1114386   0.51953607  0.45341909]\n",
      " [ 0.07973787  0.99335016 -0.08305023 -0.05647231]\n",
      " [-0.52533624 -0.02892934 -0.85040281  0.31900269]\n",
      " [ 0.          0.          0.          1.        ]]\n",
      "\n",
      "predicted coordinates [ 0.30738185 -0.04540985  0.13628965  1.        ]\n",
      "46\n",
      "lidar3 0.067\n",
      "coord_EE [ 0.30738185 -0.04540985  0.13628965  1.        ]\n",
      "Tjoint [[-0.84715161  0.11143559  0.51953466  0.45341906]\n",
      " [ 0.07973511  0.99335047 -0.08304908 -0.05647128]\n",
      " [-0.52533462 -0.02893001 -0.85040378  0.31900193]\n",
      " [ 0.          0.          0.          1.        ]]\n",
      "\n",
      "predicted coordinates [ 0.30738207 -0.04541031  0.1362899   1.        ]\n",
      "48\n",
      "lidar3 0.069\n",
      "coord_EE [ 0.30738207 -0.04541031  0.1362899   1.        ]\n",
      "Tjoint [[-0.84715077  0.11143873  0.51953535  0.45341889]\n",
      " [ 0.07973788  0.99335013 -0.0830505  -0.05647221]\n",
      " [-0.52533555 -0.02892965 -0.85040322  0.31900246]\n",
      " [ 0.          0.          0.          1.        ]]\n",
      "\n",
      "predicted coordinates [ 0.30738092 -0.0454093   0.13628958  1.        ]\n",
      "50\n",
      "lidar3 0.077\n",
      "coord_EE [ 0.30738092 -0.0454093   0.13628958  1.        ]\n",
      "Tjoint [[-0.84715226  0.11143687  0.51953332  0.45341834]\n",
      " [ 0.07973694  0.99335036 -0.08304863 -0.05647116]\n",
      " [-0.52533329 -0.02892884 -0.85040464  0.31900167]\n",
      " [ 0.          0.          0.          1.        ]]\n",
      "\n",
      "predicted coordinates [ 0.30738154 -0.04540972  0.13628997  1.        ]\n",
      "52\n",
      "lidar3 0.076\n",
      "coord_EE [ 0.30738154 -0.04540972  0.13628997  1.        ]\n",
      "Tjoint [[-0.84715129  0.11143733  0.5195348   0.45341865]\n",
      " [ 0.07973686  0.9933503  -0.08304953 -0.05647149]\n",
      " [-0.52533487 -0.02892945 -0.85040365  0.31900231]\n",
      " [ 0.          0.          0.          1.        ]]\n",
      "\n",
      "predicted coordinates [ 0.30738283 -0.04541086  0.13629097  1.        ]\n",
      "54\n",
      "lidar3 0.067\n",
      "coord_EE [ 0.30738283 -0.04541086  0.13629097  1.        ]\n",
      "Tjoint [[-0.84714897  0.11143811  0.51953842  0.4534191 ]\n",
      " [ 0.07973681  0.99335019 -0.08305084 -0.05647252]\n",
      " [-0.52533862 -0.0289301  -0.85040131  0.31900399]\n",
      " [ 0.          0.          0.          1.        ]]\n",
      "\n",
      "predicted coordinates [ 0.30738202 -0.04541007  0.1362895   1.        ]\n",
      "56\n",
      "lidar3 0.067\n",
      "coord_EE [ 0.30738202 -0.04541007  0.1362895   1.        ]\n",
      "Tjoint [[-0.84715141  0.11143732  0.51953461  0.45341893]\n",
      " [ 0.07973679  0.99335029 -0.08304964 -0.05647179]\n",
      " [-0.52533469 -0.02892959 -0.85040375  0.319002  ]\n",
      " [ 0.          0.          0.          1.        ]]\n",
      "\n",
      "predicted coordinates [ 0.30738122 -0.04540883  0.13628978  1.        ]\n",
      "58\n",
      "lidar3 0.073\n",
      "coord_EE [ 0.30738122 -0.04540883  0.13628978  1.        ]\n",
      "Tjoint [[-0.84715202  0.11143461  0.5195342   0.45341845]\n",
      " [ 0.07973501  0.99335062 -0.0830474  -0.05647035]\n",
      " [-0.52533397 -0.02892871 -0.85040423  0.31900204]\n",
      " [ 0.          0.          0.          1.        ]]\n",
      "\n",
      "predicted coordinates [ 0.30738237 -0.04540973  0.13628998  1.        ]\n",
      "60\n",
      "lidar3 0.08\n",
      "coord_EE [ 0.30738237 -0.04540973  0.13628998  1.        ]\n",
      "Tjoint [[-0.84715058  0.11143697  0.51953604  0.45341905]\n",
      " [ 0.07973683  0.99335036 -0.08304881 -0.05647153]\n",
      " [-0.52533602 -0.02892869 -0.85040296  0.31900266]\n",
      " [ 0.          0.          0.          1.        ]]\n",
      "\n",
      "predicted coordinates [ 0.30738275 -0.04541035  0.13629064  1.        ]\n",
      "62\n",
      "lidar3 0.074\n",
      "coord_EE [ 0.30738275 -0.04541035  0.13629064  1.        ]\n",
      "Tjoint [[-0.84714943  0.11143821  0.51953765  0.4534192 ]\n",
      " [ 0.07973725  0.99335019 -0.08305039 -0.05647214]\n",
      " [-0.52533782 -0.02892959 -0.85040182  0.3190035 ]\n",
      " [ 0.          0.          0.          1.        ]]\n",
      "\n",
      "predicted coordinates [ 0.30738148 -0.04540918  0.13628954  1.        ]\n",
      "64\n",
      "lidar3 0.075\n",
      "coord_EE [ 0.30738148 -0.04540918  0.13628954  1.        ]\n",
      "Tjoint [[-0.84715194  0.11143613  0.51953401  0.45341871]\n",
      " [ 0.07973624  0.99335045 -0.0830483  -0.0564709 ]\n",
      " [-0.52533392 -0.02892884 -0.85040425  0.31900179]\n",
      " [ 0.          0.          0.          1.        ]]\n",
      "\n",
      "predicted coordinates [ 0.30738252 -0.04540948  0.13628936  1.        ]\n",
      "66\n",
      "lidar3 0.075\n",
      "coord_EE [ 0.30738252 -0.04540948  0.13628936  1.        ]\n",
      "Tjoint [[-0.84715134  0.11143568  0.51953508  0.45341936]\n",
      " [ 0.07973554  0.99335049 -0.08304853 -0.05647101]\n",
      " [-0.52533499 -0.02892926 -0.85040358  0.31900194]\n",
      " [ 0.          0.          0.          1.        ]]\n",
      "\n",
      "predicted coordinates [ 0.30738107 -0.04541009  0.13628907  1.        ]\n",
      "68\n",
      "lidar3 0.07\n",
      "coord_EE [ 0.30738107 -0.04541009  0.13628907  1.        ]\n",
      "Tjoint [[-0.84715261  0.11143802  0.51953251  0.45341867]\n",
      " [ 0.07973777  0.99335022 -0.08304951 -0.05647207]\n",
      " [-0.5253326  -0.02892924 -0.85040505  0.31900101]\n",
      " [ 0.          0.          0.          1.        ]]\n",
      "\n",
      "predicted coordinates [ 0.30738188 -0.04540905  0.13628977  1.        ]\n",
      "70\n",
      "lidar3 0.07\n",
      "coord_EE [ 0.30738188 -0.04540905  0.13628977  1.        ]\n",
      "Tjoint [[-0.8471515   0.11143484  0.51953499  0.45341903]\n",
      " [ 0.07973496  0.99335059 -0.08304788 -0.05647054]\n",
      " [-0.52533481 -0.02892904 -0.8504037   0.3190021 ]\n",
      " [ 0.          0.          0.          1.        ]]\n",
      "\n",
      "predicted coordinates [ 0.30738209 -0.04540972  0.13629024  1.        ]\n",
      "72\n",
      "lidar3 0.07\n",
      "coord_EE [ 0.30738209 -0.04540972  0.13629024  1.        ]\n",
      "Tjoint [[-0.84715059  0.11143677  0.51953608  0.45341894]\n",
      " [ 0.07973628  0.99335036 -0.08304932 -0.05647139]\n",
      " [-0.52533609 -0.02892941 -0.85040289  0.31900279]\n",
      " [ 0.          0.          0.          1.        ]]\n",
      "\n",
      "predicted coordinates [ 0.30738253 -0.0454097   0.13628963  1.        ]\n",
      "74\n",
      "lidar3 0.07\n",
      "coord_EE [ 0.30738253 -0.0454097   0.13628963  1.        ]\n",
      "Tjoint [[-0.84715094  0.11143662  0.51953553  0.45341921]\n",
      " [ 0.07973605  0.99335037 -0.08304944 -0.05647127]\n",
      " [-0.52533555 -0.0289297  -0.85040322  0.31900233]\n",
      " [ 0.          0.          0.          1.        ]]\n",
      "\n",
      "predicted coordinates [ 0.30738105 -0.04540922  0.13628943  1.        ]\n",
      "76\n",
      "lidar3 0.072\n",
      "coord_EE [ 0.30738105 -0.04540922  0.13628943  1.        ]\n",
      "Tjoint [[-0.84715254  0.11143505  0.51953326  0.45341858]\n",
      " [ 0.07973528  0.99335056 -0.08304786 -0.05647078]\n",
      " [-0.5253331  -0.02892908 -0.85040475  0.31900145]\n",
      " [ 0.          0.          0.          1.        ]]\n",
      "\n",
      "predicted coordinates [ 0.30738297 -0.04540918  0.13628976  1.        ]\n",
      "78\n",
      "lidar3 0.076\n",
      "coord_EE [ 0.30738297 -0.04540918  0.13628976  1.        ]\n",
      "Tjoint [[-0.8471506   0.11143485  0.51953646  0.45341956]\n",
      " [ 0.07973488  0.99335059 -0.08304793 -0.05647062]\n",
      " [-0.52533628 -0.02892893 -0.85040279  0.31900253]\n",
      " [ 0.          0.          0.          1.        ]]\n",
      "\n",
      "predicted coordinates [ 0.30738177 -0.04541048  0.13628986  1.        ]\n",
      "80\n",
      "lidar3 0.067\n",
      "coord_EE [ 0.30738177 -0.04541048  0.13628986  1.        ]\n",
      "Tjoint [[-0.84715105  0.11143876  0.51953489  0.45341874]\n",
      " [ 0.07973788  0.99335012 -0.08305059 -0.05647239]\n",
      " [-0.52533511 -0.02892978 -0.85040349  0.31900231]\n",
      " [ 0.          0.          0.          1.        ]]\n",
      "\n",
      "predicted coordinates [ 0.3073819  -0.04541014  0.13629019  1.        ]\n",
      "82\n",
      "lidar3 0.075\n",
      "coord_EE [ 0.3073819  -0.04541014  0.13629019  1.        ]\n",
      "Tjoint [[-0.84715067  0.11143758  0.51953577  0.45341874]\n",
      " [ 0.0797371   0.99335027 -0.08304956 -0.05647195]\n",
      " [-0.52533584 -0.02892922 -0.85040306  0.31900275]\n",
      " [ 0.          0.          0.          1.        ]]\n",
      "\n",
      "predicted coordinates [ 0.30738185 -0.04540938  0.13628949  1.        ]\n",
      "84\n",
      "lidar3 0.072\n",
      "coord_EE [ 0.30738185 -0.04540938  0.13628949  1.        ]\n",
      "Tjoint [[-0.84715167  0.11143626  0.51953441  0.45341901]\n",
      " [ 0.0797364   0.99335044 -0.08304827 -0.05647115]\n",
      " [-0.52533433 -0.02892868 -0.85040401  0.31900179]\n",
      " [ 0.          0.          0.          1.        ]]\n",
      "\n"
     ]
    },
    {
     "name": "stdout",
     "output_type": "stream",
     "text": [
      "predicted coordinates [ 0.30738142 -0.04541114  0.13628927  1.        ]\n",
      "86\n",
      "lidar3 0.076\n",
      "coord_EE [ 0.30738142 -0.04541114  0.13628927  1.        ]\n",
      "Tjoint [[-0.84715185  0.11144067  0.51953318  0.45341867]\n",
      " [ 0.07973924  0.99334989 -0.08305213 -0.05647323]\n",
      " [-0.52533361 -0.02893058 -0.85040438  0.31900148]\n",
      " [ 0.          0.          0.          1.        ]]\n",
      "\n",
      "predicted coordinates [ 0.3073828  -0.04541059  0.13629043  1.        ]\n",
      "88\n",
      "lidar3 0.069\n",
      "coord_EE [ 0.3073828  -0.04541059  0.13629043  1.        ]\n",
      "Tjoint [[-0.84714957  0.11143868  0.51953732  0.45341929]\n",
      " [ 0.0797376   0.99335014 -0.08305073 -0.05647243]\n",
      " [-0.52533753 -0.02892973 -0.85040199  0.31900327]\n",
      " [ 0.          0.          0.          1.        ]]\n",
      "\n",
      "predicted coordinates [ 0.30738183 -0.04541022  0.13628958  1.        ]\n",
      "90\n",
      "lidar3 0.078\n",
      "coord_EE [ 0.30738183 -0.04541022  0.13628958  1.        ]\n",
      "Tjoint [[-0.8471514   0.11143795  0.51953449  0.45341877]\n",
      " [ 0.07973728  0.99335022 -0.08305004 -0.05647202]\n",
      " [-0.52533462 -0.02892969 -0.85040379  0.31900205]\n",
      " [ 0.          0.          0.          1.        ]]\n",
      "\n",
      "predicted coordinates [ 0.30738159 -0.0454102   0.13628929  1.        ]\n",
      "92\n",
      "lidar3 0.072\n",
      "coord_EE [ 0.30738159 -0.0454102   0.13628929  1.        ]\n",
      "Tjoint [[-0.84715188  0.11143843  0.51953361  0.45341868]\n",
      " [ 0.07973784  0.99335017 -0.0830501  -0.05647211]\n",
      " [-0.52533377 -0.02892956 -0.85040432  0.31900163]\n",
      " [ 0.          0.          0.          1.        ]]\n",
      "\n",
      "predicted coordinates [ 0.30738155 -0.04541099  0.13628996  1.        ]\n",
      "94\n",
      "lidar3 0.074\n",
      "coord_EE [ 0.30738155 -0.04541099  0.13628996  1.        ]\n",
      "Tjoint [[-0.84715092  0.11144046  0.51953475  0.45341839]\n",
      " [ 0.07973921  0.99334993 -0.08305167 -0.05647309]\n",
      " [-0.52533512 -0.02893001 -0.85040347  0.3190025 ]\n",
      " [ 0.          0.          0.          1.        ]]\n",
      "\n",
      "predicted coordinates [ 0.30738202 -0.0454101   0.13629027  1.        ]\n",
      "96\n",
      "lidar3 0.075\n",
      "coord_EE [ 0.30738202 -0.0454101   0.13629027  1.        ]\n",
      "Tjoint [[-0.8471504   0.11143824  0.51953605  0.45341886]\n",
      " [ 0.07973781  0.99335021 -0.08304964 -0.05647208]\n",
      " [-0.52533615 -0.02892887 -0.85040287  0.31900282]\n",
      " [ 0.          0.          0.          1.        ]]\n",
      "\n",
      "predicted coordinates [ 0.3073817  -0.0454096   0.13629019  1.        ]\n",
      "98\n",
      "lidar3 0.072\n",
      "coord_EE [ 0.3073817  -0.0454096   0.13629019  1.        ]\n",
      "Tjoint [[-0.84715097  0.11143659  0.51953549  0.45341868]\n",
      " [ 0.07973628  0.99335038 -0.08304902 -0.05647129]\n",
      " [-0.52533548 -0.02892923 -0.85040328  0.31900264]\n",
      " [ 0.          0.          0.          1.        ]]\n",
      "\n",
      "predicted coordinates [ 0.30738188 -0.0454108   0.13629     1.        ]\n",
      "100\n",
      "lidar3 0.071\n",
      "coord_EE [ 0.30738188 -0.0454108   0.13629     1.        ]\n",
      "Tjoint [[-0.84715072  0.11143929  0.51953532  0.45341869]\n",
      " [ 0.07973836  0.99335007 -0.08305079 -0.05647279]\n",
      " [-0.52533557 -0.02892964 -0.85040321  0.31900256]\n",
      " [ 0.          0.          0.          1.        ]]\n",
      "\n",
      "predicted coordinates [ 0.30738282 -0.04541002  0.13629047  1.        ]\n",
      "102\n",
      "lidar3 0.072\n",
      "coord_EE [ 0.30738282 -0.04541002  0.13629047  1.        ]\n",
      "Tjoint [[-0.84714965  0.11143731  0.51953749  0.45341925]\n",
      " [ 0.07973658  0.9933503  -0.08304977 -0.0564717 ]\n",
      " [-0.52533756 -0.02892944 -0.85040198  0.31900336]\n",
      " [ 0.          0.          0.          1.        ]]\n",
      "\n",
      "predicted coordinates [ 0.30738079 -0.04540984  0.13628907  1.        ]\n",
      "104\n",
      "lidar3 0.07\n",
      "coord_EE [ 0.30738079 -0.04540984  0.13628907  1.        ]\n",
      "Tjoint [[-0.84715292  0.1114376   0.51953208  0.45341851]\n",
      " [ 0.07973725  0.99335026 -0.08304959 -0.0564717 ]\n",
      " [-0.52533218 -0.02892965 -0.8504053   0.31900091]\n",
      " [ 0.          0.          0.          1.        ]]\n",
      "\n",
      "predicted coordinates [ 0.30738235 -0.04541145  0.13629067  1.        ]\n",
      "106\n",
      "lidar3 0.074\n",
      "coord_EE [ 0.30738235 -0.04541145  0.13629067  1.        ]\n",
      "Tjoint [[-0.84714935  0.11144144  0.51953708  0.45341894]\n",
      " [ 0.07973984  0.99334982 -0.08305236 -0.05647368]\n",
      " [-0.52533754 -0.02892995 -0.85040198  0.3190034 ]\n",
      " [ 0.          0.          0.          1.        ]]\n",
      "\n",
      "predicted coordinates [ 0.30738196 -0.04541038  0.13628963  1.        ]\n",
      "108\n",
      "lidar3 0.077\n",
      "coord_EE [ 0.30738196 -0.04541038  0.13628963  1.        ]\n",
      "Tjoint [[-0.84715118  0.11143844  0.51953475  0.45341881]\n",
      " [ 0.07973771  0.99335017 -0.08305027 -0.05647225]\n",
      " [-0.52533492 -0.02892962 -0.85040361  0.31900217]\n",
      " [ 0.          0.          0.          1.        ]]\n",
      "\n",
      "predicted coordinates [ 0.30738098 -0.04540927  0.13628899  1.        ]\n",
      "110\n",
      "lidar3 0.072\n",
      "coord_EE [ 0.30738098 -0.04540927  0.13628899  1.        ]\n",
      "Tjoint [[-0.84715312  0.11143503  0.51953231  0.45341875]\n",
      " [ 0.07973524  0.99335056 -0.08304795 -0.05647082]\n",
      " [-0.52533216 -0.0289293  -0.85040532  0.31900082]\n",
      " [ 0.          0.          0.          1.        ]]\n",
      "\n",
      "predicted coordinates [ 0.30738214 -0.04541075  0.13628906  1.        ]\n",
      "112\n",
      "lidar3 0.074\n",
      "coord_EE [ 0.30738214 -0.04541075  0.13628906  1.        ]\n",
      "Tjoint [[-0.84715161  0.11143936  0.51953384  0.45341914]\n",
      " [ 0.07973829  0.99335005 -0.08305113 -0.05647268]\n",
      " [-0.52533413 -0.02893016 -0.85040408  0.31900149]\n",
      " [ 0.          0.          0.          1.        ]]\n",
      "\n",
      "predicted coordinates [ 0.30738168 -0.04541105  0.13628946  1.        ]\n",
      "114\n",
      "lidar3 0.074\n",
      "coord_EE [ 0.30738168 -0.04541105  0.13628946  1.        ]\n",
      "Tjoint [[-0.8471515   0.11143945  0.519534    0.45341877]\n",
      " [ 0.07973835  0.99335004 -0.08305119 -0.05647301]\n",
      " [-0.5253343  -0.02893015 -0.85040398  0.3190018 ]\n",
      " [ 0.          0.          0.          1.        ]]\n",
      "\n",
      "predicted coordinates [ 0.30738254 -0.04540963  0.13629029  1.        ]\n",
      "116\n",
      "lidar3 0.067\n",
      "coord_EE [ 0.30738254 -0.04540963  0.13629029  1.        ]\n",
      "Tjoint [[-0.84715012  0.11143684  0.51953681  0.45341915]\n",
      " [ 0.07973655  0.99335037 -0.08304897 -0.05647137]\n",
      " [-0.5253368  -0.02892887 -0.85040248  0.31900303]\n",
      " [ 0.          0.          0.          1.        ]]\n",
      "\n",
      "predicted coordinates [ 0.30738201 -0.04540956  0.13628983  1.        ]\n",
      "118\n",
      "lidar3 0.07\n",
      "coord_EE [ 0.30738201 -0.04540956  0.13628983  1.        ]\n",
      "Tjoint [[-0.84715123  0.11143581  0.51953523  0.45341903]\n",
      " [ 0.0797355   0.99335046 -0.08304882 -0.05647109]\n",
      " [-0.52533517 -0.0289295  -0.85040346  0.31900226]\n",
      " [ 0.          0.          0.          1.        ]]\n",
      "\n",
      "predicted coordinates [ 0.30738157 -0.04541074  0.13629     1.        ]\n",
      "120\n",
      "lidar3 0.067\n",
      "coord_EE [ 0.30738157 -0.04541074  0.13629     1.        ]\n",
      "Tjoint [[-0.8471509   0.11144004  0.51953485  0.45341849]\n",
      " [ 0.07973901  0.99334998 -0.08305119 -0.05647284]\n",
      " [-0.52533517 -0.0289297  -0.85040345  0.31900248]\n",
      " [ 0.          0.          0.          1.        ]]\n",
      "\n",
      "predicted coordinates [ 0.30738195 -0.0454105   0.13628946  1.        ]\n",
      "122\n",
      "lidar3 0.074\n",
      "coord_EE [ 0.30738195 -0.0454105   0.13628946  1.        ]\n",
      "Tjoint [[-0.84715142  0.11143868  0.5195343   0.453419  ]\n",
      " [ 0.07973754  0.99335012 -0.08305103 -0.05647229]\n",
      " [-0.52533455 -0.02893041 -0.85040381  0.31900185]\n",
      " [ 0.          0.          0.          1.        ]]\n",
      "\n",
      "predicted coordinates [ 0.30738213 -0.04541003  0.13629014  1.        ]\n",
      "124\n",
      "lidar3 0.075\n",
      "coord_EE [ 0.30738213 -0.04541003  0.13629014  1.        ]\n",
      "Tjoint [[-0.84715054  0.11143764  0.51953596  0.45341901]\n",
      " [ 0.07973723  0.99335027 -0.08304945 -0.0564719 ]\n",
      " [-0.52533602 -0.02892902 -0.85040295  0.31900266]\n",
      " [ 0.          0.          0.          1.        ]]\n",
      "\n",
      "predicted coordinates [ 0.30738193 -0.04540937  0.13629006  1.        ]\n",
      "126\n",
      "lidar3 0.075\n",
      "coord_EE [ 0.30738193 -0.04540937  0.13629006  1.        ]\n",
      "Tjoint [[-0.84715105  0.11143546  0.5195356   0.45341893]\n",
      " [ 0.07973536  0.99335051 -0.08304835 -0.05647091]\n",
      " [-0.52533549 -0.02892914 -0.85040327  0.31900251]\n",
      " [ 0.          0.          0.          1.        ]]\n",
      "\n",
      "predicted coordinates [ 0.30738169 -0.04540895  0.13628958  1.        ]\n",
      "128\n",
      "lidar3 0.074\n",
      "coord_EE [ 0.30738169 -0.04540895  0.13628958  1.        ]\n",
      "Tjoint [[-0.84715186  0.11143478  0.51953443  0.45341883]\n",
      " [ 0.07973508  0.9933506  -0.08304759 -0.05647047]\n",
      " [-0.52533423 -0.0289288  -0.85040407  0.31900191]\n",
      " [ 0.          0.          0.          1.        ]]\n",
      "\n",
      "predicted coordinates [ 0.30738155 -0.04540992  0.13628896  1.        ]\n",
      "130\n",
      "lidar3 0.073\n",
      "coord_EE [ 0.30738155 -0.04540992  0.13628896  1.        ]\n",
      "Tjoint [[-0.84715237  0.11143778  0.51953295  0.45341902]\n",
      " [ 0.07973766  0.99335026 -0.0830492  -0.0564719 ]\n",
      " [-0.52533301 -0.02892899 -0.85040481  0.319001  ]\n",
      " [ 0.          0.          0.          1.        ]]\n",
      "\n",
      "predicted coordinates [ 0.3073825  -0.04540899  0.13629034  1.        ]\n",
      "132\n",
      "lidar3 0.074\n",
      "coord_EE [ 0.3073825  -0.04540899  0.13629034  1.        ]\n",
      "Tjoint [[-0.84715039  0.11143441  0.51953689  0.45341927]\n",
      " [ 0.07973439  0.99335063 -0.08304786 -0.05647036]\n",
      " [-0.52533669 -0.02892908 -0.85040253  0.31900298]\n",
      " [ 0.          0.          0.          1.        ]]\n",
      "\n",
      "predicted coordinates [ 0.30738207 -0.04540994  0.13628987  1.        ]\n",
      "134\n",
      "lidar3 0.072\n",
      "coord_EE [ 0.30738207 -0.04540994  0.13628987  1.        ]\n",
      "Tjoint [[-0.84715102  0.11143682  0.51953536  0.45341903]\n",
      " [ 0.0797363   0.99335035 -0.08304943 -0.0564716 ]\n",
      " [-0.5253354  -0.02892958 -0.85040332  0.31900234]\n",
      " [ 0.          0.          0.          1.        ]]\n",
      "\n",
      "predicted coordinates [ 0.30738179 -0.04540995  0.1362896   1.        ]\n",
      "136\n",
      "lidar3 0.07\n",
      "coord_EE [ 0.30738179 -0.04540995  0.1362896   1.        ]\n",
      "Tjoint [[-0.84715144  0.11143794  0.51953443  0.45341899]\n",
      " [ 0.07973748  0.99335023 -0.08304971 -0.05647185]\n",
      " [-0.52533453 -0.02892931 -0.85040386  0.31900186]\n",
      " [ 0.          0.          0.          1.        ]]\n",
      "\n",
      "predicted coordinates [ 0.30738134 -0.04540939  0.13628944  1.        ]\n",
      "138\n",
      "lidar3 0.07\n",
      "coord_EE [ 0.30738134 -0.04540939  0.13628944  1.        ]\n",
      "Tjoint [[-0.84715206  0.11143704  0.51953361  0.45341865]\n",
      " [ 0.07973712  0.99335035 -0.08304864 -0.05647129]\n",
      " [-0.52533359 -0.02892871 -0.85040446  0.31900161]\n",
      " [ 0.          0.          0.          1.        ]]\n",
      "\n",
      "predicted coordinates [ 0.30738295 -0.04540989  0.13628974  1.        ]\n",
      "140\n",
      "lidar3 0.07\n",
      "coord_EE [ 0.30738295 -0.04540989  0.13628974  1.        ]\n",
      "Tjoint [[-0.8471504   0.1114371   0.5195363   0.45341944]\n",
      " [ 0.07973648  0.99335032 -0.08304961 -0.05647154]\n",
      " [-0.52533636 -0.02892952 -0.85040273  0.31900258]\n",
      " [ 0.          0.          0.          1.        ]]\n",
      "\n",
      "predicted coordinates [ 0.30738257 -0.04540959  0.13629035  1.        ]\n",
      "142\n",
      "lidar3 0.069\n",
      "coord_EE [ 0.30738257 -0.04540959  0.13629035  1.        ]\n",
      "Tjoint [[-0.84714996  0.11143746  0.51953695  0.45341926]\n",
      " [ 0.07973727  0.99335031 -0.08304897 -0.0564715 ]\n",
      " [-0.52533696 -0.02892847 -0.85040239  0.31900302]\n",
      " [ 0.          0.          0.          1.        ]]\n",
      "\n",
      "predicted coordinates [ 0.30738305 -0.04540992  0.13629051  1.        ]\n",
      "144\n",
      "lidar3 0.077\n",
      "coord_EE [ 0.30738305 -0.04540992  0.13629051  1.        ]\n",
      "Tjoint [[-0.84714954  0.11143641  0.51953786  0.45341942]\n",
      " [ 0.07973559  0.99335039 -0.08304964 -0.0564714 ]\n",
      " [-0.52533789 -0.02892981 -0.85040177  0.31900346]\n",
      " [ 0.          0.          0.          1.        ]]\n",
      "\n",
      "predicted coordinates [ 0.30738024 -0.04540932  0.13628881  1.        ]\n",
      "146\n",
      "lidar3 0.072\n",
      "coord_EE [ 0.30738024 -0.04540932  0.13628881  1.        ]\n",
      "Tjoint [[-0.84715384  0.1114357   0.519531    0.45341813]\n",
      " [ 0.07973595  0.99335048 -0.08304817 -0.05647099]\n",
      " [-0.5253309  -0.02892927 -0.8504061   0.31900054]\n",
      " [ 0.          0.          0.          1.        ]]\n",
      "\n",
      "predicted coordinates [ 0.30738104 -0.0454096   0.13628925  1.        ]\n",
      "148\n",
      "lidar3 0.066\n",
      "coord_EE [ 0.30738104 -0.0454096   0.13628925  1.        ]\n",
      "Tjoint [[-0.8471525   0.11143754  0.51953278  0.45341855]\n",
      " [ 0.07973729  0.99335027 -0.08304936 -0.05647148]\n",
      " [-0.52533285 -0.02892933 -0.8504049   0.31900126]\n",
      " [ 0.          0.          0.          1.        ]]\n",
      "\n"
     ]
    }
   ],
   "source": [
    "rotations, translations = [], []\n",
    "lidarvalues = []\n",
    "for i in np.arange(10,150,2):\n",
    "    Tproduct, Tlist, Tjoint, coord_EE = get_jointToCoordinates(msmts.iloc[i]['state_j_pos'].tolist(), trueCoordinates=None, untilJoint=5)\n",
    "    lidar3 = msmts.iloc[i]['lidar3']/1000\n",
    "    print(i)\n",
    "    print('lidar3', lidar3)\n",
    "    print('coord_EE', coord_EE)\n",
    "    print('Tjoint', Tjoint)\n",
    "    print('')\n",
    "    lidarvalues.append(lidar3)\n",
    "    rotations.append(Tjoint[:3,:3])\n",
    "    translations.append(Tjoint[:3,-1])"
   ]
  },
  {
   "cell_type": "code",
   "execution_count": 201,
   "metadata": {},
   "outputs": [
    {
     "name": "stdout",
     "output_type": "stream",
     "text": [
      "[[ 1.          0.          0.        ]\n",
      " [ 0.          1.          0.        ]\n",
      " [ 0.          0.          1.        ]\n",
      " [ 0.47        0.          0.        ]\n",
      " [ 0.          0.47        0.        ]\n",
      " [ 0.          0.          0.47      ]\n",
      " [ 0.          0.          0.        ]\n",
      " [ 0.          0.          0.        ]\n",
      " [ 0.          0.          0.        ]\n",
      " [ 0.          0.          0.        ]\n",
      " [ 0.          0.          0.        ]\n",
      " [ 0.          0.          0.        ]\n",
      " [ 0.          0.          0.        ]\n",
      " [ 0.          0.          0.        ]\n",
      " [ 0.          0.          0.        ]\n",
      " [ 0.          0.          0.        ]\n",
      " [ 0.          0.          0.        ]\n",
      " [ 0.          0.          0.        ]\n",
      " [ 0.          0.          0.        ]\n",
      " [ 0.          0.          0.        ]\n",
      " [ 0.          0.          0.        ]\n",
      " [ 0.          0.          0.        ]\n",
      " [ 0.          0.          0.        ]\n",
      " [ 0.          0.          0.        ]\n",
      " [-0.97503662 -0.2207513  -0.02392605]\n",
      " [ 0.02544433 -0.00403642 -0.99966809]\n",
      " [-0.22058146  0.97532178 -0.00955253]\n",
      " [ 0.          0.          0.        ]\n",
      " [ 0.          0.          0.        ]\n",
      " [ 0.          0.          0.        ]]\n",
      "\n",
      "[[ 1.          0.          0.        ]\n",
      " [ 0.          1.          0.        ]\n",
      " [ 0.          0.          1.        ]\n",
      " [ 0.47        0.          0.        ]\n",
      " [ 0.          0.47        0.        ]\n",
      " [ 0.          0.          0.47      ]\n",
      " [ 0.          0.          0.        ]\n",
      " [ 0.          0.          0.        ]\n",
      " [ 0.          0.          0.        ]\n",
      " [ 0.          0.          0.        ]\n",
      " [ 0.          0.          0.        ]\n",
      " [ 0.          0.          0.        ]\n",
      " [ 0.          0.          0.        ]\n",
      " [ 0.          0.          0.        ]\n",
      " [ 0.          0.          0.        ]\n",
      " [ 0.          0.          0.        ]\n",
      " [ 0.          0.          0.        ]\n",
      " [ 0.          0.          0.        ]\n",
      " [ 0.          0.          0.        ]\n",
      " [ 0.          0.          0.        ]\n",
      " [ 0.          0.          0.        ]\n",
      " [ 0.          0.          0.        ]\n",
      " [ 0.          0.          0.        ]\n",
      " [ 0.          0.          0.        ]\n",
      " [-0.97503662 -0.2207513  -0.02392605]\n",
      " [ 0.02544433 -0.00403642 -0.99966809]\n",
      " [-0.22058146  0.97532178 -0.00955253]\n",
      " [ 0.          0.          0.        ]\n",
      " [ 0.          0.          0.        ]\n",
      " [ 0.          0.          0.        ]]\n",
      "\n",
      "[[ 1.          0.          0.        ]\n",
      " [ 0.          1.          0.        ]\n",
      " [ 0.          0.          1.        ]\n",
      " [ 0.47        0.          0.        ]\n",
      " [ 0.          0.47        0.        ]\n",
      " [ 0.          0.          0.47      ]\n",
      " [ 0.          0.          0.        ]\n",
      " [ 0.          0.          0.        ]\n",
      " [ 0.          0.          0.        ]\n",
      " [ 0.          0.          0.        ]\n",
      " [ 0.          0.          0.        ]\n",
      " [ 0.          0.          0.        ]\n",
      " [ 0.          0.          0.        ]\n",
      " [ 0.          0.          0.        ]\n",
      " [ 0.          0.          0.        ]\n",
      " [ 0.          0.          0.        ]\n",
      " [ 0.          0.          0.        ]\n",
      " [ 0.          0.          0.        ]\n",
      " [ 0.          0.          0.        ]\n",
      " [ 0.          0.          0.        ]\n",
      " [ 0.          0.          0.        ]\n",
      " [ 0.          0.          0.        ]\n",
      " [ 0.          0.          0.        ]\n",
      " [ 0.          0.          0.        ]\n",
      " [-0.97503662 -0.2207513  -0.02392605]\n",
